Cloudlet_ID	STATUS	DataCenter_ID	VM_ID	Time	Start_Time	Finish_Time
1192	SUCCESS	2	18	0	0.1	0.1
2224	SUCCESS	2	68	0	0.1	0.1
2742	SUCCESS	2	273	0	0.1	0.1
2235	SUCCESS	2	76	0	0.1	0.1
289	SUCCESS	2	139	0	0.1	0.1
1107	SUCCESS	2	287	0	0.1	0.1
2317	SUCCESS	2	128	0	0.1	0.1
2321	SUCCESS	2	132	0	0.1	0.1
2328	SUCCESS	2	139	0	0.1	0.1
1253	SUCCESS	2	52	0	0.1	0.1
1648	SUCCESS	2	181	0	0.1	0.1
1383	SUCCESS	2	139	0	0.1	0.1
1376	SUCCESS	2	132	0	0.1	0.1
170	SUCCESS	2	67	0	0.1	0.1
190	SUCCESS	2	80	0	0.1	0.1
277	SUCCESS	2	132	0	0.1	0.1
221	SUCCESS	2	103	0	0.1	0.1
1223	SUCCESS	2	39	0	0.1	0.1
121	SUCCESS	2	39	0	0.1	0.1
2318	SUCCESS	2	129	0	0.1	0.1
2277	SUCCESS	2	103	0	0.1	0.1
191	SUCCESS	2	81	0	0.1	0.1
1649	SUCCESS	2	182	0	0.1	0.1
263	SUCCESS	2	126	0	0.1	0.1
192	SUCCESS	2	82	0	0.1	0.1
327	SUCCESS	2	164	0	0.1	0.1
2326	SUCCESS	2	137	0	0.1	0.1
2316	SUCCESS	2	127	0	0.1	0.1
348	SUCCESS	2	181	0	0.1	0.1
1962	SUCCESS	2	39	0	0.1	0.1
2921	SUCCESS	2	80	0	0.1	0.1
2922	SUCCESS	2	81	0	0.1	0.1
266	SUCCESS	2	128	0	0.1	0.1
501	SUCCESS	2	195	0	0.1	0.1
2923	SUCCESS	2	82	0	0.1	0.1
264	SUCCESS	2	127	0	0.1	0.1
1057	SUCCESS	2	273	0	0.1	0.1
2854	SUCCESS	2	39	0	0.1	0.1
1046	SUCCESS	2	269	0	0.1	0.1
1360	SUCCESS	2	116	0	0.1	0.1
338	SUCCESS	2	171	0.01	0.1	0.11
1371	SUCCESS	2	127	0.01	0.1	0.11
1053	SUCCESS	2	272	0.01	0.1	0.11
1059	SUCCESS	2	274	0.01	0.1	0.11
1102	SUCCESS	2	283	0.01	0.1	0.11
236	SUCCESS	2	112	0.01	0.1	0.11
755	SUCCESS	2	232	0.01	0.1	0.11
1988	SUCCESS	2	52	0.01	0.1	0.11
2736	SUCCESS	2	269	0.01	0.1	0.11
1604	SUCCESS	2	175	0.01	0.1	0.11
2407	SUCCESS	2	175	0.01	0.1	0.11
1400	SUCCESS	2	156	0.01	0.1	0.11
1081	SUCCESS	2	277	0.01	0.1	0.11
2391	SUCCESS	2	164	0.01	0.1	0.11
261	SUCCESS	2	125	0.01	0.1	0.11
1369	SUCCESS	2	125	0.01	0.1	0.11
1066	SUCCESS	2	276	0.01	0.1	0.11
2299	SUCCESS	2	117	0.01	0.1	0.11
314	SUCCESS	2	157	0.01	0.1	0.11
2302	SUCCESS	2	119	0.01	0.1	0.11
2888	SUCCESS	2	52	0.01	0.1	0.11
2379	SUCCESS	2	158	0.01	0.1	0.11
1594	SUCCESS	2	171	0.01	0.1	0.11
212	SUCCESS	2	95	0.01	0.1	0.11
2263	SUCCESS	2	95	0.01	0.1	0.11
2853	SUCCESS	2	38	0.01	0.1	0.11
1373	SUCCESS	2	129	0.01	0.1	0.11
349	SUCCESS	2	182	0.01	0.1	0.11
1026	SUCCESS	2	262	0.01	0.1	0.11
1409	SUCCESS	2	164	0.01	0.1	0.11
2230	SUCCESS	2	71	0.01	0.1	0.11
1359	SUCCESS	2	115	0.01	0.1	0.11
315	SUCCESS	2	158	0.01	0.1	0.11
1372	SUCCESS	2	128	0.01	0.1	0.11
1025	SUCCESS	2	261	0.01	0.1	0.11
1759	SUCCESS	2	232	0.01	0.1	0.11
1697	SUCCESS	2	197	0.01	0.1	0.11
2315	SUCCESS	2	126	0.01	0.1	0.11
2743	SUCCESS	2	274	0.01	0.1	0.11
1370	SUCCESS	2	126	0.01	0.1	0.11
2241	SUCCESS	2	82	0.01	0.1	0.11
1829	SUCCESS	2	274	0.01	0.1	0.11
2754	SUCCESS	2	283	0.01	0.1	0.11
2867	SUCCESS	2	45	0.01	0.1	0.11
2759	SUCCESS	2	287	0.01	0.1	0.11
1133	SUCCESS	2	294	0.01	0.1	0.11
357	SUCCESS	2	190	0.01	0.1	0.11
1366	SUCCESS	2	122	0.01	0.1	0.11
1781	SUCCESS	2	247	0.01	0.1	0.11
1202	SUCCESS	2	22	0.01	0.1	0.11
2741	SUCCESS	2	272	0.01	0.1	0.11
2239	SUCCESS	2	80	0.11	0.1	0.21
1364	SUCCESS	2	120	0.11	0.1	0.21
1404	SUCCESS	2	160	0.11	0.1	0.21
1140	SUCCESS	2	1	0.11	0.1	0.21
124	SUCCESS	2	41	0.11	0.1	0.21
319	SUCCESS	2	161	0.11	0.1	0.21
1405	SUCCESS	2	161	0.11	0.1	0.21
1099	SUCCESS	2	281	0.11	0.1	0.21
1841	SUCCESS	2	281	0.11	0.1	0.21
2752	SUCCESS	2	281	0.11	0.1	0.21
1141	SUCCESS	2	2	0.11	0.1	0.21
2858	SUCCESS	2	42	0.11	0.1	0.21
2311	SUCCESS	2	122	0.11	0.1	0.21
1406	SUCCESS	2	162	0.11	0.1	0.21
901	SUCCESS	2	242	0.11	0.1	0.21
127	SUCCESS	2	43	0.11	0.1	0.21
1228	SUCCESS	2	43	0.11	0.1	0.21
194	SUCCESS	2	83	0.11	0.1	0.21
1367	SUCCESS	2	123	0.11	0.1	0.21
2312	SUCCESS	2	123	0.11	0.1	0.21
2437	SUCCESS	2	203	0.11	0.1	0.21
2685	SUCCESS	2	243	0.11	0.1	0.21
1844	SUCCESS	2	283	0.11	0.1	0.21
1147	SUCCESS	2	4	0.11	0.1	0.21
2925	SUCCESS	2	84	0.11	0.1	0.21
908	SUCCESS	2	244	0.11	0.1	0.21
1773	SUCCESS	2	244	0.11	0.1	0.21
57	SUCCESS	2	5	0.11	0.1	0.21
133	SUCCESS	2	45	0.11	0.1	0.21
1235	SUCCESS	2	45	0.11	0.1	0.21
197	SUCCESS	2	85	0.11	0.1	0.21
2246	SUCCESS	2	85	0.11	0.1	0.21
2314	SUCCESS	2	125	0.11	0.1	0.21
1104	SUCCESS	2	285	0.11	0.1	0.21
2870	SUCCESS	2	46	0.11	0.1	0.21
910	SUCCESS	2	246	0.11	0.1	0.21
2758	SUCCESS	2	286	0.11	0.1	0.21
60	SUCCESS	2	7	0.11	0.1	0.21
1241	SUCCESS	2	47	0.11	0.1	0.21
1982	SUCCESS	2	47	0.11	0.1	0.21
2253	SUCCESS	2	87	0.11	0.1	0.21
1714	SUCCESS	2	207	0.11	0.1	0.21
1886	SUCCESS	2	8	0.11	0.1	0.21
2803	SUCCESS	2	8	0.11	0.1	0.21
137	SUCCESS	2	48	0.11	0.1	0.21
1983	SUCCESS	2	48	0.11	0.1	0.21
1589	SUCCESS	2	168	0.11	0.1	0.21
1782	SUCCESS	2	248	0.11	0.1	0.21
1108	SUCCESS	2	288	0.11	0.1	0.21
1850	SUCCESS	2	288	0.11	0.1	0.21
62	SUCCESS	2	9	0.11	0.1	0.21
1985	SUCCESS	2	49	0.11	0.1	0.21
272	SUCCESS	2	129	0.11	0.1	0.21
2443	SUCCESS	2	209	0.11	0.1	0.21
1852	SUCCESS	2	289	0.11	0.1	0.21
63	SUCCESS	2	10	0.11	0.1	0.21
1176	SUCCESS	2	10	0.11	0.1	0.21
1889	SUCCESS	2	10	0.11	0.1	0.21
2811	SUCCESS	2	10	0.11	0.1	0.21
1245	SUCCESS	2	50	0.11	0.1	0.21
1986	SUCCESS	2	50	0.11	0.1	0.21
205	SUCCESS	2	90	0.11	0.1	0.21
1321	SUCCESS	2	90	0.11	0.1	0.21
1374	SUCCESS	2	130	0.11	0.1	0.21
2319	SUCCESS	2	130	0.11	0.1	0.21
336	SUCCESS	2	170	0.11	0.1	0.21
2444	SUCCESS	2	210	0.11	0.1	0.21
1116	SUCCESS	2	290	0.11	0.1	0.21
1853	SUCCESS	2	290	0.11	0.1	0.21
1891	SUCCESS	2	11	0.11	0.1	0.21
2813	SUCCESS	2	11	0.11	0.1	0.21
1987	SUCCESS	2	51	0.11	0.1	0.21
1375	SUCCESS	2	131	0.11	0.1	0.21
2403	SUCCESS	2	171	0.11	0.1	0.21
1720	SUCCESS	2	211	0.11	0.1	0.21
2708	SUCCESS	2	251	0.11	0.1	0.21
1117	SUCCESS	2	291	0.11	0.1	0.21
1854	SUCCESS	2	291	0.11	0.1	0.21
1595	SUCCESS	2	172	0.11	0.1	0.21
2404	SUCCESS	2	172	0.11	0.1	0.21
2446	SUCCESS	2	212	0.11	0.1	0.21
1856	SUCCESS	2	292	0.11	0.1	0.21
2771	SUCCESS	2	292	0.11	0.1	0.21
74	SUCCESS	2	13	0.11	0.1	0.21
1900	SUCCESS	2	13	0.11	0.1	0.21
2261	SUCCESS	2	93	0.11	0.1	0.21
2934	SUCCESS	2	93	0.11	0.1	0.21
1377	SUCCESS	2	133	0.11	0.1	0.21
2322	SUCCESS	2	133	0.11	0.1	0.21
1726	SUCCESS	2	213	0.11	0.1	0.21
1857	SUCCESS	2	293	0.11	0.1	0.21
2772	SUCCESS	2	293	0.11	0.1	0.21
1255	SUCCESS	2	54	0.11	0.1	0.21
1991	SUCCESS	2	54	0.11	0.1	0.21
1328	SUCCESS	2	94	0.11	0.1	0.21
2935	SUCCESS	2	94	0.11	0.1	0.21
281	SUCCESS	2	134	0.11	0.1	0.21
2448	SUCCESS	2	214	0.11	0.1	0.21
1789	SUCCESS	2	254	0.11	0.1	0.21
2715	SUCCESS	2	254	0.11	0.1	0.21
2773	SUCCESS	2	294	0.11	0.1	0.21
1379	SUCCESS	2	135	0.11	0.1	0.21
2324	SUCCESS	2	135	0.11	0.1	0.21
342	SUCCESS	2	175	0.11	0.1	0.21
658	SUCCESS	2	215	0.11	0.1	0.21
1906	SUCCESS	2	16	0.11	0.1	0.21
1257	SUCCESS	2	56	0.11	0.1	0.21
2006	SUCCESS	2	56	0.11	0.1	0.21
284	SUCCESS	2	136	0.11	0.1	0.21
1380	SUCCESS	2	136	0.11	0.1	0.21
659	SUCCESS	2	216	0.11	0.1	0.21
2718	SUCCESS	2	256	0.11	0.1	0.21
1135	SUCCESS	2	296	0.11	0.1	0.21
1865	SUCCESS	2	296	0.11	0.1	0.21
2776	SUCCESS	2	296	0.11	0.1	0.21
150	SUCCESS	2	57	0.11	0.1	0.21
2898	SUCCESS	2	57	0.11	0.1	0.21
1332	SUCCESS	2	97	0.11	0.1	0.21
2265	SUCCESS	2	97	0.11	0.1	0.21
286	SUCCESS	2	137	0.11	0.1	0.21
1381	SUCCESS	2	137	0.11	0.1	0.21
669	SUCCESS	2	217	0.11	0.1	0.21
1260	SUCCESS	2	58	0.11	0.1	0.21
215	SUCCESS	2	98	0.11	0.1	0.21
1333	SUCCESS	2	98	0.11	0.1	0.21
2267	SUCCESS	2	98	0.11	0.1	0.21
287	SUCCESS	2	138	0.11	0.1	0.21
1382	SUCCESS	2	138	0.11	0.1	0.21
670	SUCCESS	2	218	0.11	0.1	0.21
1137	SUCCESS	2	298	0.11	0.1	0.21
1867	SUCCESS	2	298	0.11	0.1	0.21
2779	SUCCESS	2	298	0.11	0.1	0.21
1261	SUCCESS	2	59	0.11	0.1	0.21
346	SUCCESS	2	179	0.11	0.1	0.21
1643	SUCCESS	2	179	0.11	0.1	0.21
2412	SUCCESS	2	179	0.11	0.1	0.21
671	SUCCESS	2	219	0.11	0.1	0.21
2781	SUCCESS	2	299	0.11	0.1	0.21
2901	SUCCESS	2	60	0.11	0.1	0.21
2329	SUCCESS	2	140	0.11	0.1	0.21
347	SUCCESS	2	180	0.11	0.1	0.21
1644	SUCCESS	2	180	0.11	0.1	0.21
2725	SUCCESS	2	260	0.11	0.1	0.21
2064	SUCCESS	2	61	0.11	0.1	0.21
291	SUCCESS	2	141	0.11	0.1	0.21
2726	SUCCESS	2	261	0.11	0.1	0.21
91	SUCCESS	2	22	0.11	0.1	0.21
1932	SUCCESS	2	22	0.11	0.1	0.21
2415	SUCCESS	2	182	0.11	0.1	0.21
1803	SUCCESS	2	262	0.11	0.1	0.21
2727	SUCCESS	2	262	0.11	0.1	0.21
92	SUCCESS	2	23	0.11	0.1	0.21
2173	SUCCESS	2	63	0.11	0.1	0.21
2904	SUCCESS	2	63	0.11	0.1	0.21
350	SUCCESS	2	183	0.11	0.1	0.21
2417	SUCCESS	2	183	0.11	0.1	0.21
2460	SUCCESS	2	223	0.11	0.1	0.21
1027	SUCCESS	2	263	0.11	0.1	0.21
1806	SUCCESS	2	263	0.11	0.1	0.21
2728	SUCCESS	2	263	0.11	0.1	0.21
1204	SUCCESS	2	24	0.11	0.1	0.21
1744	SUCCESS	2	224	0.11	0.1	0.21
1028	SUCCESS	2	264	0.11	0.1	0.21
1807	SUCCESS	2	264	0.11	0.1	0.21
2729	SUCCESS	2	264	0.11	0.1	0.21
1205	SUCCESS	2	25	0.11	0.1	0.21
2833	SUCCESS	2	25	0.11	0.1	0.21
296	SUCCESS	2	145	0.11	0.1	0.21
1389	SUCCESS	2	145	0.11	0.1	0.21
2343	SUCCESS	2	145	0.11	0.1	0.21
1664	SUCCESS	2	185	0.11	0.1	0.21
2419	SUCCESS	2	185	0.11	0.1	0.21
96	SUCCESS	2	26	0.11	0.1	0.21
1206	SUCCESS	2	26	0.11	0.1	0.21
163	SUCCESS	2	66	0.11	0.1	0.21
2222	SUCCESS	2	66	0.11	0.1	0.21
2468	SUCCESS	2	226	0.11	0.1	0.21
1042	SUCCESS	2	266	0.11	0.1	0.21
1207	SUCCESS	2	27	0.11	0.1	0.21
1269	SUCCESS	2	67	0.11	0.1	0.21
2223	SUCCESS	2	67	0.11	0.1	0.21
2908	SUCCESS	2	67	0.11	0.1	0.21
226	SUCCESS	2	107	0.11	0.1	0.21
1673	SUCCESS	2	187	0.11	0.1	0.21
1044	SUCCESS	2	267	0.11	0.1	0.21
1208	SUCCESS	2	28	0.11	0.1	0.21
1942	SUCCESS	2	28	0.11	0.1	0.21
2837	SUCCESS	2	28	0.11	0.1	0.21
2909	SUCCESS	2	68	0.11	0.1	0.21
1352	SUCCESS	2	108	0.11	0.1	0.21
2283	SUCCESS	2	108	0.11	0.1	0.21
1045	SUCCESS	2	268	0.11	0.1	0.21
2735	SUCCESS	2	268	0.11	0.1	0.21
102	SUCCESS	2	29	0.11	0.1	0.21
1943	SUCCESS	2	29	0.11	0.1	0.21
305	SUCCESS	2	149	0.11	0.1	0.21
2478	SUCCESS	2	229	0.11	0.1	0.21
1944	SUCCESS	2	30	0.11	0.1	0.21
2228	SUCCESS	2	70	0.11	0.1	0.21
1354	SUCCESS	2	110	0.11	0.1	0.21
2285	SUCCESS	2	110	0.11	0.1	0.21
307	SUCCESS	2	150	0.11	0.1	0.21
1678	SUCCESS	2	190	0.11	0.1	0.21
2424	SUCCESS	2	190	0.11	0.1	0.21
1047	SUCCESS	2	270	0.11	0.1	0.21
1818	SUCCESS	2	270	0.11	0.1	0.21
2737	SUCCESS	2	270	0.11	0.1	0.21
106	SUCCESS	2	31	0.11	0.1	0.21
1945	SUCCESS	2	31	0.11	0.1	0.21
176	SUCCESS	2	71	0.11	0.1	0.21
1395	SUCCESS	2	151	0.11	0.1	0.21
1050	SUCCESS	2	271	0.11	0.1	0.21
2231	SUCCESS	2	72	0.11	0.1	0.21
2490	SUCCESS	2	232	0.11	0.1	0.21
1216	SUCCESS	2	33	0.11	0.1	0.21
2843	SUCCESS	2	33	0.11	0.1	0.21
180	SUCCESS	2	73	0.11	0.1	0.21
1688	SUCCESS	2	193	0.11	0.1	0.21
2496	SUCCESS	2	233	0.11	0.1	0.21
110	SUCCESS	2	34	0.11	0.1	0.21
1217	SUCCESS	2	34	0.11	0.1	0.21
2233	SUCCESS	2	74	0.11	0.1	0.21
1398	SUCCESS	2	154	0.11	0.1	0.21
417	SUCCESS	2	194	0.11	0.1	0.21
2512	SUCCESS	2	234	0.11	0.1	0.21
1218	SUCCESS	2	35	0.11	0.1	0.21
1952	SUCCESS	2	35	0.11	0.1	0.21
2296	SUCCESS	2	115	0.11	0.1	0.21
1399	SUCCESS	2	155	0.11	0.1	0.21
1690	SUCCESS	2	195	0.11	0.1	0.21
2429	SUCCESS	2	195	0.11	0.1	0.21
1763	SUCCESS	2	235	0.11	0.1	0.21
1064	SUCCESS	2	275	0.11	0.1	0.21
115	SUCCESS	2	36	0.11	0.1	0.21
1219	SUCCESS	2	36	0.11	0.1	0.21
1953	SUCCESS	2	36	0.11	0.1	0.21
2917	SUCCESS	2	76	0.11	0.1	0.21
313	SUCCESS	2	156	0.11	0.1	0.21
507	SUCCESS	2	196	0.11	0.1	0.21
1836	SUCCESS	2	276	0.11	0.1	0.21
2745	SUCCESS	2	276	0.11	0.1	0.21
1361	SUCCESS	2	117	0.11	0.1	0.21
524	SUCCESS	2	197	0.11	0.1	0.21
1837	SUCCESS	2	277	0.11	0.1	0.21
2746	SUCCESS	2	277	0.11	0.1	0.21
119	SUCCESS	2	38	0.11	0.1	0.21
1222	SUCCESS	2	38	0.11	0.1	0.21
1955	SUCCESS	2	38	0.11	0.1	0.21
188	SUCCESS	2	78	0.11	0.1	0.21
2237	SUCCESS	2	78	0.11	0.1	0.21
1362	SUCCESS	2	118	0.11	0.1	0.21
2301	SUCCESS	2	118	0.11	0.1	0.21
189	SUCCESS	2	79	0.11	0.1	0.21
2238	SUCCESS	2	79	0.11	0.1	0.21
2920	SUCCESS	2	79	0.11	0.1	0.21
1363	SUCCESS	2	119	0.11	0.1	0.21
316	SUCCESS	2	159	0.11	0.1	0.21
618	SUCCESS	2	199	0.11	0.1	0.21
1767	SUCCESS	2	239	0.11	0.1	0.21
1090	SUCCESS	2	279	0.11	0.1	0.21
1303	SUCCESS	2	80	0.21	0.1	0.31
1840	SUCCESS	2	280	0.21	0.1	0.31
1365	SUCCESS	2	121	0.21	0.1	0.31
2386	SUCCESS	2	161	0.21	0.1	0.31
1702	SUCCESS	2	201	0.21	0.1	0.31
900	SUCCESS	2	241	0.21	0.1	0.31
320	SUCCESS	2	162	0.21	0.1	0.31
2436	SUCCESS	2	202	0.21	0.1	0.31
1144	SUCCESS	2	3	0.21	0.1	0.31
2244	SUCCESS	2	83	0.21	0.1	0.31
2389	SUCCESS	2	163	0.21	0.1	0.31
1772	SUCCESS	2	243	0.21	0.1	0.31
195	SUCCESS	2	84	0.21	0.1	0.31
2245	SUCCESS	2	84	0.21	0.1	0.31
1103	SUCCESS	2	284	0.21	0.1	0.31
1846	SUCCESS	2	284	0.21	0.1	0.31
1876	SUCCESS	2	5	0.21	0.1	0.31
2793	SUCCESS	2	5	0.21	0.1	0.31
1980	SUCCESS	2	45	0.21	0.1	0.31
2926	SUCCESS	2	85	0.21	0.1	0.31
909	SUCCESS	2	245	0.21	0.1	0.31
1981	SUCCESS	2	46	0.21	0.1	0.31
2396	SUCCESS	2	166	0.21	0.1	0.31
2440	SUCCESS	2	206	0.21	0.1	0.31
1105	SUCCESS	2	286	0.21	0.1	0.31
1319	SUCCESS	2	88	0.21	0.1	0.31
2255	SUCCESS	2	88	0.21	0.1	0.31
2400	SUCCESS	2	168	0.21	0.1	0.31
920	SUCCESS	2	248	0.21	0.1	0.31
1169	SUCCESS	2	9	0.21	0.1	0.31
2401	SUCCESS	2	169	0.21	0.1	0.31
2703	SUCCESS	2	249	0.21	0.1	0.31
2257	SUCCESS	2	90	0.21	0.1	0.31
1593	SUCCESS	2	170	0.21	0.1	0.31
2402	SUCCESS	2	170	0.21	0.1	0.31
2769	SUCCESS	2	290	0.21	0.1	0.31
2885	SUCCESS	2	51	0.21	0.1	0.31
2445	SUCCESS	2	211	0.21	0.1	0.31
2770	SUCCESS	2	291	0.21	0.1	0.31
1894	SUCCESS	2	12	0.21	0.1	0.31
142	SUCCESS	2	52	0.21	0.1	0.31
2933	SUCCESS	2	92	0.21	0.1	0.31
1721	SUCCESS	2	212	0.21	0.1	0.31
1121	SUCCESS	2	292	0.21	0.1	0.31
1181	SUCCESS	2	13	0.21	0.1	0.31
2815	SUCCESS	2	13	0.21	0.1	0.31
1989	SUCCESS	2	53	0.21	0.1	0.31
2405	SUCCESS	2	173	0.21	0.1	0.31
1127	SUCCESS	2	293	0.21	0.1	0.31
1183	SUCCESS	2	14	0.21	0.1	0.31
1903	SUCCESS	2	14	0.21	0.1	0.31
2323	SUCCESS	2	134	0.21	0.1	0.31
2406	SUCCESS	2	174	0.21	0.1	0.31
1729	SUCCESS	2	214	0.21	0.1	0.31
1860	SUCCESS	2	294	0.21	0.1	0.31
2936	SUCCESS	2	95	0.21	0.1	0.31
1730	SUCCESS	2	215	0.21	0.1	0.31
2449	SUCCESS	2	215	0.21	0.1	0.31
1791	SUCCESS	2	255	0.21	0.1	0.31
1190	SUCCESS	2	16	0.21	0.1	0.31
1605	SUCCESS	2	176	0.21	0.1	0.31
1792	SUCCESS	2	256	0.21	0.1	0.31
1191	SUCCESS	2	17	0.21	0.1	0.31
2410	SUCCESS	2	177	0.21	0.1	0.31
2939	SUCCESS	2	98	0.21	0.1	0.31
1795	SUCCESS	2	259	0.21	0.1	0.31
1262	SUCCESS	2	60	0.21	0.1	0.31
218	SUCCESS	2	100	0.21	0.1	0.31
1336	SUCCESS	2	100	0.21	0.1	0.31
1201	SUCCESS	2	21	0.21	0.1	0.31
156	SUCCESS	2	61	0.21	0.1	0.31
1263	SUCCESS	2	61	0.21	0.1	0.31
1338	SUCCESS	2	101	0.21	0.1	0.31
1385	SUCCESS	2	141	0.21	0.1	0.31
2414	SUCCESS	2	181	0.21	0.1	0.31
2829	SUCCESS	2	22	0.21	0.1	0.31
1339	SUCCESS	2	102	0.21	0.1	0.31
2459	SUCCESS	2	222	0.21	0.1	0.31
222	SUCCESS	2	104	0.21	0.1	0.31
2418	SUCCESS	2	184	0.21	0.1	0.31
1940	SUCCESS	2	26	0.21	0.1	0.31
2834	SUCCESS	2	26	0.21	0.1	0.31
1809	SUCCESS	2	266	0.21	0.1	0.31
304	SUCCESS	2	148	0.21	0.1	0.31
173	SUCCESS	2	69	0.21	0.1	0.31
2225	SUCCESS	2	69	0.21	0.1	0.31
2910	SUCCESS	2	69	0.21	0.1	0.31
1817	SUCCESS	2	269	0.21	0.1	0.31
2841	SUCCESS	2	31	0.21	0.1	0.31
2912	SUCCESS	2	71	0.21	0.1	0.31
234	SUCCESS	2	111	0.21	0.1	0.31
1819	SUCCESS	2	271	0.21	0.1	0.31
237	SUCCESS	2	113	0.21	0.1	0.31
2844	SUCCESS	2	34	0.21	0.1	0.31
1280	SUCCESS	2	74	0.21	0.1	0.31
1358	SUCCESS	2	114	0.21	0.1	0.31
2373	SUCCESS	2	154	0.21	0.1	0.31
111	SUCCESS	2	35	0.21	0.1	0.31
1281	SUCCESS	2	75	0.21	0.1	0.31
2234	SUCCESS	2	75	0.21	0.1	0.31
239	SUCCESS	2	115	0.21	0.1	0.31
1831	SUCCESS	2	275	0.21	0.1	0.31
2846	SUCCESS	2	36	0.21	0.1	0.31
1764	SUCCESS	2	236	0.21	0.1	0.31
1954	SUCCESS	2	37	0.21	0.1	0.31
2236	SUCCESS	2	77	0.21	0.1	0.31
2431	SUCCESS	2	197	0.21	0.1	0.31
887	SUCCESS	2	237	0.21	0.1	0.31
1295	SUCCESS	2	78	0.21	0.1	0.31
1402	SUCCESS	2	158	0.21	0.1	0.31
2432	SUCCESS	2	198	0.21	0.1	0.31
1838	SUCCESS	2	278	0.21	0.1	0.31
1302	SUCCESS	2	79	0.21	0.1	0.31
2383	SUCCESS	2	159	0.21	0.1	0.31
1839	SUCCESS	2	279	0.21	0.1	0.31
619	SUCCESS	2	200	0.32	0.1	0.42
2751	SUCCESS	2	280	0.32	0.1	0.42
1304	SUCCESS	2	81	0.32	0.1	0.42
1306	SUCCESS	2	82	0.32	0.1	0.42
1704	SUCCESS	2	203	0.32	0.1	0.42
2792	SUCCESS	2	4	0.32	0.1	0.42
1309	SUCCESS	2	84	0.32	0.1	0.42
2686	SUCCESS	2	244	0.32	0.1	0.42
1311	SUCCESS	2	85	0.32	0.1	0.42
61	SUCCESS	2	8	0.32	0.1	0.42
2878	SUCCESS	2	49	0.32	0.1	0.42
1109	SUCCESS	2	289	0.32	0.1	0.42
2879	SUCCESS	2	50	0.32	0.1	0.42
2931	SUCCESS	2	90	0.32	0.1	0.42
922	SUCCESS	2	250	0.32	0.1	0.42
65	SUCCESS	2	11	0.32	0.1	0.42
207	SUCCESS	2	91	0.32	0.1	0.42
2814	SUCCESS	2	12	0.32	0.1	0.42
1324	SUCCESS	2	92	0.32	0.1	0.42
1787	SUCCESS	2	252	0.32	0.1	0.42
2816	SUCCESS	2	14	0.32	0.1	0.42
283	SUCCESS	2	135	0.32	0.1	0.42
2411	SUCCESS	2	178	0.32	0.1	0.42
2722	SUCCESS	2	258	0.32	0.1	0.42
1193	SUCCESS	2	19	0.32	0.1	0.42
2900	SUCCESS	2	59	0.32	0.1	0.42
1334	SUCCESS	2	99	0.32	0.1	0.42
2271	SUCCESS	2	100	0.32	0.1	0.42
2902	SUCCESS	2	61	0.32	0.1	0.42
2274	SUCCESS	2	101	0.32	0.1	0.42
1386	SUCCESS	2	142	0.32	0.1	0.42
1341	SUCCESS	2	103	0.32	0.1	0.42
1266	SUCCESS	2	64	0.32	0.1	0.42
2341	SUCCESS	2	144	0.32	0.1	0.42
1939	SUCCESS	2	25	0.32	0.1	0.42
1267	SUCCESS	2	65	0.32	0.1	0.42
1390	SUCCESS	2	146	0.32	0.1	0.42
1747	SUCCESS	2	226	0.32	0.1	0.42
97	SUCCESS	2	27	0.32	0.1	0.42
2421	SUCCESS	2	187	0.32	0.1	0.42
1271	SUCCESS	2	69	0.32	0.1	0.42
2360	SUCCESS	2	149	0.32	0.1	0.42
104	SUCCESS	2	30	0.32	0.1	0.42
1273	SUCCESS	2	70	0.32	0.1	0.42
1274	SUCCESS	2	71	0.32	0.1	0.42
107	SUCCESS	2	32	0.32	0.1	0.42
1946	SUCCESS	2	32	0.32	0.1	0.42
1356	SUCCESS	2	112	0.32	0.1	0.42
2287	SUCCESS	2	112	0.32	0.1	0.42
311	SUCCESS	2	154	0.32	0.1	0.42
2845	SUCCESS	2	35	0.32	0.1	0.42
184	SUCCESS	2	75	0.32	0.1	0.42
242	SUCCESS	2	116	0.32	0.1	0.42
2297	SUCCESS	2	116	0.32	0.1	0.42
1221	SUCCESS	2	37	0.32	0.1	0.42
2748	SUCCESS	2	278	0.32	0.1	0.42
1224	SUCCESS	2	40	0.42	0.1	0.52
2434	SUCCESS	2	200	0.42	0.1	0.52
2783	SUCCESS	2	1	0.42	0.1	0.52
1972	SUCCESS	2	41	0.42	0.1	0.52
1842	SUCCESS	2	282	0.42	0.1	0.52
1873	SUCCESS	2	3	0.42	0.1	0.52
2924	SUCCESS	2	83	0.42	0.1	0.52
1875	SUCCESS	2	4	0.42	0.1	0.52
1709	SUCCESS	2	206	0.42	0.1	0.52
136	SUCCESS	2	47	0.42	0.1	0.52
1716	SUCCESS	2	208	0.42	0.1	0.52
650	SUCCESS	2	209	0.42	0.1	0.52
1177	SUCCESS	2	11	0.42	0.1	0.52
1323	SUCCESS	2	91	0.42	0.1	0.52
72	SUCCESS	2	12	0.42	0.1	0.52
1329	SUCCESS	2	95	0.42	0.1	0.52
2818	SUCCESS	2	16	0.42	0.1	0.52
2897	SUCCESS	2	56	0.42	0.1	0.52
1331	SUCCESS	2	96	0.42	0.1	0.52
85	SUCCESS	2	17	0.42	0.1	0.52
2820	SUCCESS	2	17	0.42	0.1	0.52
1258	SUCCESS	2	57	0.42	0.1	0.52
1735	SUCCESS	2	217	0.42	0.1	0.52
2327	SUCCESS	2	138	0.42	0.1	0.52
2268	SUCCESS	2	99	0.42	0.1	0.52
2453	SUCCESS	2	219	0.42	0.1	0.52
290	SUCCESS	2	140	0.42	0.1	0.52
2413	SUCCESS	2	180	0.42	0.1	0.52
219	SUCCESS	2	101	0.42	0.1	0.52
2458	SUCCESS	2	221	0.42	0.1	0.52
1265	SUCCESS	2	63	0.42	0.1	0.52
740	SUCCESS	2	223	0.42	0.1	0.52
1743	SUCCESS	2	223	0.42	0.1	0.52
1938	SUCCESS	2	24	0.42	0.1	0.52
2832	SUCCESS	2	24	0.42	0.1	0.52
1388	SUCCESS	2	144	0.42	0.1	0.52
741	SUCCESS	2	224	0.42	0.1	0.52
746	SUCCESS	2	226	0.42	0.1	0.52
2835	SUCCESS	2	27	0.42	0.1	0.52
2838	SUCCESS	2	29	0.42	0.1	0.52
175	SUCCESS	2	70	0.42	0.1	0.52
2911	SUCCESS	2	70	0.42	0.1	0.52
2364	SUCCESS	2	151	0.42	0.1	0.52
770	SUCCESS	2	233	0.42	0.1	0.52
2376	SUCCESS	2	156	0.42	0.1	0.52
187	SUCCESS	2	77	0.42	0.1	0.52
1401	SUCCESS	2	157	0.42	0.1	0.52
318	SUCCESS	2	160	0.52	0.1	0.62
1871	SUCCESS	2	1	0.52	0.1	0.62
1872	SUCCESS	2	2	0.52	0.1	0.62
126	SUCCESS	2	42	0.52	0.1	0.62
253	SUCCESS	2	123	0.52	0.1	0.62
907	SUCCESS	2	243	0.52	0.1	0.62
919	SUCCESS	2	247	0.52	0.1	0.62
2256	SUCCESS	2	89	0.52	0.1	0.62
2320	SUCCESS	2	131	0.52	0.1	0.62
1179	SUCCESS	2	12	0.52	0.1	0.62
147	SUCCESS	2	56	0.52	0.1	0.62
1793	SUCCESS	2	257	0.52	0.1	0.62
87	SUCCESS	2	19	0.52	0.1	0.62
2940	SUCCESS	2	99	0.52	0.1	0.62
2826	SUCCESS	2	20	0.52	0.1	0.62
1384	SUCCESS	2	140	0.52	0.1	0.62
90	SUCCESS	2	21	0.52	0.1	0.62
1800	SUCCESS	2	261	0.52	0.1	0.62
2463	SUCCESS	2	224	0.52	0.1	0.62
744	SUCCESS	2	225	0.52	0.1	0.62
2282	SUCCESS	2	107	0.52	0.1	0.62
751	SUCCESS	2	229	0.52	0.1	0.62
2840	SUCCESS	2	30	0.52	0.1	0.62
2488	SUCCESS	2	230	0.52	0.1	0.62
1213	SUCCESS	2	31	0.52	0.1	0.62
1215	SUCCESS	2	32	0.52	0.1	0.62
2842	SUCCESS	2	32	0.52	0.1	0.62
178	SUCCESS	2	72	0.52	0.1	0.62
309	SUCCESS	2	152	0.52	0.1	0.62
2232	SUCCESS	2	73	0.52	0.1	0.62
1760	SUCCESS	2	233	0.52	0.1	0.62
1949	SUCCESS	2	34	0.52	0.1	0.62
2295	SUCCESS	2	114	0.52	0.1	0.62
2430	SUCCESS	2	196	0.52	0.1	0.62
2377	SUCCESS	2	157	0.52	0.1	0.62
252	SUCCESS	2	122	0.62	0.1	0.72
1976	SUCCESS	2	43	0.62	0.1	0.72
2757	SUCCESS	2	285	0.62	0.1	0.72
2928	SUCCESS	2	87	0.62	0.1	0.72
2258	SUCCESS	2	91	0.62	0.1	0.72
1254	SUCCESS	2	53	0.62	0.1	0.72
656	SUCCESS	2	213	0.62	0.1	0.72
1788	SUCCESS	2	253	0.62	0.1	0.72
1603	SUCCESS	2	174	0.62	0.1	0.72
938	SUCCESS	2	254	0.62	0.1	0.72
1256	SUCCESS	2	55	0.62	0.1	0.72
2896	SUCCESS	2	55	0.62	0.1	0.72
2822	SUCCESS	2	18	0.62	0.1	0.72
151	SUCCESS	2	58	0.62	0.1	0.72
154	SUCCESS	2	59	0.62	0.1	0.72
217	SUCCESS	2	99	0.62	0.1	0.72
155	SUCCESS	2	60	0.62	0.1	0.72
2827	SUCCESS	2	21	0.62	0.1	0.72
739	SUCCESS	2	222	0.62	0.1	0.72
1937	SUCCESS	2	23	0.62	0.1	0.72
2830	SUCCESS	2	23	0.62	0.1	0.72
95	SUCCESS	2	25	0.62	0.1	0.72
1749	SUCCESS	2	228	0.62	0.1	0.72
1210	SUCCESS	2	29	0.62	0.1	0.72
1756	SUCCESS	2	229	0.62	0.1	0.72
1686	SUCCESS	2	192	0.62	0.1	0.72
109	SUCCESS	2	33	0.62	0.1	0.72
1277	SUCCESS	2	73	0.62	0.1	0.72
310	SUCCESS	2	153	0.62	0.1	0.72
1822	SUCCESS	2	273	0.62	0.1	0.72
1762	SUCCESS	2	234	0.62	0.1	0.72
1695	SUCCESS	2	196	0.62	0.1	0.72
886	SUCCESS	2	236	0.62	0.1	0.72
1139	SUCCESS	2	0	0.72	0.1	0.82
1870	SUCCESS	2	0	0.72	0.1	0.82
1307	SUCCESS	2	83	0.72	0.1	0.82
198	SUCCESS	2	86	0.72	0.1	0.82
2701	SUCCESS	2	247	0.72	0.1	0.82
1167	SUCCESS	2	8	0.72	0.1	0.82
138	SUCCESS	2	49	0.72	0.1	0.82
2447	SUCCESS	2	213	0.72	0.1	0.82
76	SUCCESS	2	14	0.72	0.1	0.82
214	SUCCESS	2	97	0.72	0.1	0.82
1794	SUCCESS	2	258	0.72	0.1	0.82
220	SUCCESS	2	102	0.72	0.1	0.82
1387	SUCCESS	2	143	0.72	0.1	0.82
160	SUCCESS	2	64	0.72	0.1	0.82
1745	SUCCESS	2	225	0.72	0.1	0.82
750	SUCCESS	2	228	0.72	0.1	0.82
312	SUCCESS	2	155	0.72	0.1	0.82
1286	SUCCESS	2	77	0.72	0.1	0.82
2795	SUCCESS	2	6	0.82	0.1	0.92
135	SUCCESS	2	46	0.82	0.1	0.92
2927	SUCCESS	2	86	0.82	0.1	0.92
331	SUCCESS	2	166	0.82	0.1	0.92
1776	SUCCESS	2	246	0.82	0.1	0.92
1242	SUCCESS	2	48	0.82	0.1	0.92
654	SUCCESS	2	212	0.82	0.1	0.92
1731	SUCCESS	2	216	0.82	0.1	0.92
2899	SUCCESS	2	58	0.82	0.1	0.92
294	SUCCESS	2	143	0.82	0.1	0.92
93	SUCCESS	2	24	0.82	0.1	0.92
2467	SUCCESS	2	225	0.82	0.1	0.92
1268	SUCCESS	2	66	0.82	0.1	0.92
1355	SUCCESS	2	111	0.82	0.1	0.92
1284	SUCCESS	2	76	0.82	0.1	0.92
2514	SUCCESS	2	236	0.82	0.1	0.92
2750	SUCCESS	2	279	0.82	0.1	0.92
2398	SUCCESS	2	167	0.93	0.1	1.03
2929	SUCCESS	2	88	0.93	0.1	1.03
80	SUCCESS	2	16	0.93	0.1	1.03
2452	SUCCESS	2	218	0.93	0.1	1.03
2906	SUCCESS	2	65	0.93	0.1	1.03
878	SUCCESS	2	235	0.93	0.1	1.03
2385	SUCCESS	2	160	1.04	0.1	1.14
1770	SUCCESS	2	241	1.04	0.1	1.14
1413	SUCCESS	2	166	1.04	0.1	1.14
652	SUCCESS	2	211	1.04	0.1	1.14
924	SUCCESS	2	251	1.04	0.1	1.14
339	SUCCESS	2	172	1.04	0.1	1.14
1185	SUCCESS	2	15	1.04	0.1	1.14
942	SUCCESS	2	255	1.04	0.1	1.14
1911	SUCCESS	2	17	1.04	0.1	1.14
1740	SUCCESS	2	220	1.04	0.1	1.14
1741	SUCCESS	2	221	1.04	0.1	1.14
2275	SUCCESS	2	102	1.04	0.1	1.14
2905	SUCCESS	2	64	1.04	0.1	1.14
2278	SUCCESS	2	104	1.04	0.1	1.14
295	SUCCESS	2	144	1.04	0.1	1.14
352	SUCCESS	2	185	1.04	0.1	1.14
225	SUCCESS	2	106	1.04	0.1	1.14
748	SUCCESS	2	227	1.04	0.1	1.14
227	SUCCESS	2	108	1.04	0.1	1.14
1393	SUCCESS	2	149	1.04	0.1	1.14
308	SUCCESS	2	151	1.04	0.1	1.14
753	SUCCESS	2	231	1.04	0.1	1.14
2916	SUCCESS	2	75	1.04	0.1	1.14
186	SUCCESS	2	76	1.04	0.1	1.14
1765	SUCCESS	2	237	1.04	0.1	1.14
1087	SUCCESS	2	278	1.04	0.1	1.14
1771	SUCCESS	2	242	1.15	0.1	1.25
2791	SUCCESS	2	3	1.15	0.1	1.25
643	SUCCESS	2	207	1.15	0.1	1.25
1849	SUCCESS	2	287	1.15	0.1	1.25
200	SUCCESS	2	88	1.15	0.1	1.25
1783	SUCCESS	2	249	1.15	0.1	1.25
1786	SUCCESS	2	251	1.15	0.1	1.25
343	SUCCESS	2	176	1.15	0.1	1.25
1738	SUCCESS	2	219	1.15	0.1	1.25
672	SUCCESS	2	220	1.15	0.1	1.25
2339	SUCCESS	2	143	1.15	0.1	1.25
1342	SUCCESS	2	104	1.15	0.1	1.25
223	SUCCESS	2	105	1.15	0.1	1.25
2279	SUCCESS	2	105	1.15	0.1	1.25
2732	SUCCESS	2	266	1.15	0.1	1.25
1391	SUCCESS	2	147	1.15	0.1	1.25
1748	SUCCESS	2	227	1.15	0.1	1.25
2471	SUCCESS	2	228	1.15	0.1	1.25
1275	SUCCESS	2	72	1.15	0.1	1.25
1948	SUCCESS	2	33	1.15	0.1	1.25
2515	SUCCESS	2	237	1.15	0.1	1.25
2919	SUCCESS	2	78	1.15	0.1	1.25
1766	SUCCESS	2	238	1.15	0.1	1.25
1700	SUCCESS	2	200	1.26	0.1	1.36
1236	SUCCESS	2	46	1.26	0.1	1.36
2762	SUCCESS	2	288	1.26	0.1	1.36
1243	SUCCESS	2	49	1.26	0.1	1.36
274	SUCCESS	2	130	1.26	0.1	1.36
141	SUCCESS	2	51	1.26	0.1	1.36
146	SUCCESS	2	55	1.26	0.1	1.36
2716	SUCCESS	2	255	1.26	0.1	1.36
2451	SUCCESS	2	217	1.26	0.1	1.36
1930	SUCCESS	2	21	1.26	0.1	1.36
2903	SUCCESS	2	62	1.26	0.1	1.36
2907	SUCCESS	2	66	1.26	0.1	1.36
1675	SUCCESS	2	189	1.26	0.1	1.36
1821	SUCCESS	2	272	1.26	0.1	1.36
1698	SUCCESS	2	198	1.26	0.1	1.36
2435	SUCCESS	2	201	1.37	0.1	1.47
921	SUCCESS	2	249	1.37	0.1	1.47
209	SUCCESS	2	92	1.37	0.1	1.47
2454	SUCCESS	2	220	1.37	0.1	1.47
183	SUCCESS	2	74	1.37	0.1	1.47
117	SUCCESS	2	37	1.37	0.1	1.47
2852	SUCCESS	2	37	1.37	0.1	1.47
889	SUCCESS	2	238	1.37	0.1	1.47
634	SUCCESS	2	204	1.47	0.1	1.57
2698	SUCCESS	2	246	1.47	0.1	1.57
341	SUCCESS	2	174	1.47	0.1	1.57
2938	SUCCESS	2	97	1.47	0.1	1.57
1348	SUCCESS	2	105	1.47	0.1	1.57
2425	SUCCESS	2	191	1.47	0.1	1.57
248	SUCCESS	2	119	1.47	0.1	1.57
621	SUCCESS	2	201	1.58	0.1	1.68
2681	SUCCESS	2	242	1.58	0.1	1.68
1706	SUCCESS	2	204	1.58	0.1	1.68
2695	SUCCESS	2	245	1.58	0.1	1.68
651	SUCCESS	2	210	1.58	0.1	1.68
211	SUCCESS	2	94	1.58	0.1	1.68
1912	SUCCESS	2	18	1.58	0.1	1.68
297	SUCCESS	2	146	1.58	0.1	1.68
232	SUCCESS	2	110	1.58	0.1	1.68
2286	SUCCESS	2	111	1.58	0.1	1.68
2915	SUCCESS	2	74	1.58	0.1	1.68
630	SUCCESS	2	202	1.69	0.1	1.79
1150	SUCCESS	2	5	1.69	0.1	1.79
2441	SUCCESS	2	207	1.69	0.1	1.79
340	SUCCESS	2	173	1.69	0.1	1.79
77	SUCCESS	2	15	1.69	0.1	1.79
2937	SUCCESS	2	96	1.69	0.1	1.79
86	SUCCESS	2	18	1.69	0.1	1.79
2723	SUCCESS	2	259	1.69	0.1	1.79
2044	SUCCESS	2	60	1.69	0.1	1.79
351	SUCCESS	2	184	1.69	0.1	1.79
2423	SUCCESS	2	189	1.69	0.1	1.79
752	SUCCESS	2	230	1.69	0.1	1.79
2367	SUCCESS	2	152	1.69	0.1	1.79
238	SUCCESS	2	114	1.69	0.1	1.79
244	SUCCESS	2	117	1.69	0.1	1.79
2240	SUCCESS	2	81	1.8	0.1	1.9
1774	SUCCESS	2	245	1.8	0.1	1.9
644	SUCCESS	2	208	1.8	0.1	1.9
280	SUCCESS	2	133	1.8	0.1	1.9
293	SUCCESS	2	142	1.8	0.1	1.9
2345	SUCCESS	2	146	1.8	0.1	1.9
2733	SUCCESS	2	267	1.8	0.1	1.9
1270	SUCCESS	2	68	1.8	0.1	1.9
1159	SUCCESS	2	7	1.91	0.1	2.01
344	SUCCESS	2	177	1.91	0.1	2.01
1661	SUCCESS	2	184	1.91	0.1	2.01
1351	SUCCESS	2	107	1.91	0.1	2.01
1396	SUCCESS	2	152	1.91	0.1	2.01
898	SUCCESS	2	240	2.02	0.1	2.12
1590	SUCCESS	2	169	2.02	0.1	2.12
1596	SUCCESS	2	173	2.02	0.1	2.12
1815	SUCCESS	2	267	2.02	0.1	2.12
2489	SUCCESS	2	231	2.02	0.1	2.12
2442	SUCCESS	2	208	2.13	0.1	2.23
931	SUCCESS	2	252	2.13	0.1	2.23
1869	SUCCESS	2	299	2.13	0.1	2.23
89	SUCCESS	2	20	2.13	0.1	2.23
2730	SUCCESS	2	265	2.13	0.1	2.23
1226	SUCCESS	2	41	2.24	0.1	2.34
1975	SUCCESS	2	42	2.24	0.1	2.34
328	SUCCESS	2	165	2.24	0.1	2.34
642	SUCCESS	2	206	2.24	0.1	2.34
199	SUCCESS	2	87	2.24	0.1	2.34
2702	SUCCESS	2	248	2.24	0.1	2.34
202	SUCCESS	2	89	2.24	0.1	2.34
1718	SUCCESS	2	209	2.24	0.1	2.34
2262	SUCCESS	2	94	2.24	0.1	2.34
1758	SUCCESS	2	231	2.24	0.1	2.34
2914	SUCCESS	2	73	2.24	0.1	2.34
247	SUCCESS	2	118	2.24	0.1	2.34
1719	SUCCESS	2	210	2.35	0.1	2.45
933	SUCCESS	2	253	2.35	0.1	2.45
2855	SUCCESS	2	40	2.46	0.1	2.56
1229	SUCCESS	2	44	2.46	0.1	2.56
334	SUCCESS	2	169	2.46	0.1	2.56
2260	SUCCESS	2	92	2.46	0.1	2.56
144	SUCCESS	2	54	2.46	0.1	2.56
1033	SUCCESS	2	265	2.46	0.1	2.56
2292	SUCCESS	2	113	2.46	0.1	2.56
1156	SUCCESS	2	6	2.57	0.1	2.67
332	SUCCESS	2	167	2.57	0.1	2.67
1320	SUCCESS	2	89	2.57	0.1	2.67
1246	SUCCESS	2	51	2.57	0.1	2.67
1864	SUCCESS	2	295	2.57	0.1	2.67
2331	SUCCESS	2	141	2.57	0.1	2.67
1350	SUCCESS	2	106	2.57	0.1	2.67
1847	SUCCESS	2	285	2.67	0.1	2.77
140	SUCCESS	2	50	2.67	0.1	2.77
1327	SUCCESS	2	93	2.67	0.1	2.77
2043	SUCCESS	2	59	2.67	0.1	2.77
1757	SUCCESS	2	230	2.78	0.1	2.88
1881	SUCCESS	2	6	2.89	0.1	2.99
2709	SUCCESS	2	252	2.89	0.1	2.99
159	SUCCESS	2	63	2.89	0.1	2.99
2281	SUCCESS	2	106	2.89	0.1	2.99
2346	SUCCESS	2	147	2.89	0.1	2.99
2307	SUCCESS	2	120	3	0.1	3.1
641	SUCCESS	2	205	3	0.1	3.1
354	SUCCESS	2	187	3	0.1	3.1
1353	SUCCESS	2	109	3	0.1	3.1
250	SUCCESS	2	120	3.11	0.1	3.21
2325	SUCCESS	2	136	3.11	0.1	3.21
1001	SUCCESS	2	260	3.11	0.1	3.21
891	SUCCESS	2	239	3.11	0.1	3.21
1799	SUCCESS	2	260	3.22	0.1	3.32
1199	SUCCESS	2	20	3.33	0.1	3.43
1264	SUCCESS	2	62	3.33	0.1	3.43
2782	SUCCESS	2	0	3.44	0.1	3.54
2438	SUCCESS	2	204	3.44	0.1	3.54
2891	SUCCESS	2	54	3.44	0.1	3.54
2284	SUCCESS	2	109	3.44	0.1	3.54
299	SUCCESS	2	147	3.55	0.1	3.65
1979	SUCCESS	2	44	3.66	0.1	3.76
2930	SUCCESS	2	89	3.66	0.1	3.76
2333	SUCCESS	2	142	3.66	0.1	3.76
353	SUCCESS	2	186	3.66	0.1	3.76
172	SUCCESS	2	68	3.66	0.1	3.76
2753	SUCCESS	2	282	3.86	0.1	3.96
2859	SUCCESS	2	43	3.97	0.1	4.07
275	SUCCESS	2	131	3.97	0.1	4.07
2871	SUCCESS	2	47	4.08	0.1	4.18
2918	SUCCESS	2	77	4.08	0.1	4.18
1403	SUCCESS	2	159	4.08	0.1	4.18
1091	SUCCESS	2	280	4.19	0.1	4.29
2309	SUCCESS	2	121	4.19	0.1	4.29
2439	SUCCESS	2	205	4.19	0.1	4.29
230	SUCCESS	2	109	4.19	0.1	4.29
59	SUCCESS	2	6	4.3	0.1	4.4
333	SUCCESS	2	168	4.3	0.1	4.4
355	SUCCESS	2	188	4.41	0.1	4.51
772	SUCCESS	2	234	4.41	0.1	4.51
1397	SUCCESS	2	153	4.52	0.1	4.62
1314	SUCCESS	2	86	4.63	0.1	4.73
1136	SUCCESS	2	297	4.63	0.1	4.73
210	SUCCESS	2	93	4.74	0.1	4.84
2817	SUCCESS	2	15	4.74	0.1	4.84
1904	SUCCESS	2	15	4.85	0.1	4.95
2426	SUCCESS	2	192	4.85	0.1	4.95
2362	SUCCESS	2	150	4.98	0.1	5.08
1785	SUCCESS	2	250	5.09	0.1	5.19
633	SUCCESS	2	203	5.2	0.1	5.3
1920	SUCCESS	2	19	5.31	0.1	5.41
1742	SUCCESS	2	222	5.42	0.1	5.52
2627	SUCCESS	2	240	5.53	0.1	5.63
128	SUCCESS	2	44	5.53	0.1	5.63
2738	SUCCESS	2	271	5.53	0.1	5.63
2433	SUCCESS	2	199	5.53	0.1	5.63
1610	SUCCESS	2	177	6.02	0.1	6.12
1737	SUCCESS	2	218	6.37	0.1	6.47
1227	SUCCESS	2	42	6.48	0.1	6.58
2374	SUCCESS	2	155	6.59	0.1	6.69
2387	SUCCESS	2	162	6.7	0.1	6.8
2777	SUCCESS	2	297	6.7	0.1	6.8
98	SUCCESS	2	28	6.7	0.1	6.8
1411	SUCCESS	2	165	6.92	0.1	7.02
1699	SUCCESS	2	199	7.03	0.1	7.13
2744	SUCCESS	2	275	7.41	0.1	7.51
2763	SUCCESS	2	289	7.52	0.1	7.62
1999	SUCCESS	2	55	7.52	0.1	7.62
2420	SUCCESS	2	186	7.52	0.1	7.62
2408	SUCCESS	2	176	7.63	0.1	7.73
2370	SUCCESS	2	153	7.63	0.1	7.73
2755	SUCCESS	2	284	7.86	0.1	7.96
122	SUCCESS	2	40	8.21	0.1	8.31
2356	SUCCESS	2	148	8.43	0.1	8.53
1685	SUCCESS	2	191	8.54	0.1	8.64
673	SUCCESS	2	221	8.65	0.1	8.75
2797	SUCCESS	2	7	8.78	0.1	8.88
2247	SUCCESS	2	86	8.89	0.1	8.99
1316	SUCCESS	2	87	9.23	0.1	9.33
157	SUCCESS	2	62	9.52	0.1	9.62
356	SUCCESS	2	189	9.71	0.1	9.81
2704	SUCCESS	2	250	9.82	0.1	9.92
2422	SUCCESS	2	188	9.82	0.1	9.92
2264	SUCCESS	2	96	9.93	0.1	10.03
1666	SUCCESS	2	186	10.33	0.1	10.43
213	SUCCESS	2	96	10.71	0.1	10.81
2805	SUCCESS	2	9	10.82	0.1	10.92
1922	SUCCESS	2	20	10.82	0.1	10.92
1134	SUCCESS	2	295	11.04	0.1	11.14
2427	SUCCESS	2	193	11.17	0.1	11.27
1816	SUCCESS	2	268	11.75	0.1	11.85
1941	SUCCESS	2	27	11.86	0.1	11.96
1848	SUCCESS	2	286	11.97	0.1	12.07
251	SUCCESS	2	121	12.21	0.1	12.31
1394	SUCCESS	2	150	12.32	0.1	12.42
2774	SUCCESS	2	295	13.06	0.1	13.16
2313	SUCCESS	2	124	13.17	0.1	13.27
2211	SUCCESS	2	65	13.17	0.1	13.27
2872	SUCCESS	2	48	13.28	0.1	13.38
2932	SUCCESS	2	91	13.51	0.1	13.61
2913	SUCCESS	2	72	13.79	0.1	13.89
2857	SUCCESS	2	41	13.92	0.1	14.02
1533	SUCCESS	2	167	14.03	0.1	14.13
2428	SUCCESS	2	194	14.55	0.1	14.65
2860	SUCCESS	2	44	14.66	0.1	14.76
2394	SUCCESS	2	165	14.77	0.1	14.87
1211	SUCCESS	2	30	14.89	0.1	14.99
1707	SUCCESS	2	205	15.04	0.1	15.14
1656	SUCCESS	2	183	15.18	0.1	15.28
1689	SUCCESS	2	194	15.29	0.1	15.39
2824	SUCCESS	2	19	15.4	0.1	15.5
1768	SUCCESS	2	240	15.74	0.1	15.84
1703	SUCCESS	2	202	16.05	0.1	16.15
1808	SUCCESS	2	265	16.05	0.1	16.15
1866	SUCCESS	2	297	16.2	0.1	16.3
2889	SUCCESS	2	53	16.43	0.1	16.53
2711	SUCCESS	2	253	16.75	0.1	16.85
380	SUCCESS	2	193	17.03	0.1	17.13
2013	SUCCESS	2	57	18.05	0.1	18.15
1888	SUCCESS	2	9	18.83	0.1	18.93
2524	SUCCESS	2	238	18.94	0.1	19.04
1357	SUCCESS	2	113	20.07	0.1	20.17
162	SUCCESS	2	65	20.19	0.1	20.29
1882	SUCCESS	2	7	20.3	0.1	20.4
1	SUCCESS	2	0	20.41	0.1	20.51
1368	SUCCESS	2	124	20.41	0.1	20.51
1674	SUCCESS	2	188	20.65	0.1	20.75
3	SUCCESS	2	2	21.14	0.1	21.24
2785	SUCCESS	2	2	21.43	0.1	21.53
143	SUCCESS	2	53	21.54	0.1	21.64
2720	SUCCESS	2	257	21.54	0.1	21.64
2450	SUCCESS	2	216	25.43	0.1	25.53
345	SUCCESS	2	178	26.53	0.1	26.63
1969	SUCCESS	2	40	26.64	0.1	26.74
321	SUCCESS	2	163	26.64	0.1	26.74
1203	SUCCESS	2	23	28.79	0.1	28.89
950	SUCCESS	2	256	29.98	0.1	30.08
255	SUCCESS	2	124	30.09	0.1	30.19
1000	SUCCESS	2	259	30.69	0.1	30.79
1378	SUCCESS	2	134	31.36	0.1	31.46
1100	SUCCESS	2	282	31.96	0.1	32.06
532	SUCCESS	2	198	33.36	0.1	33.46
1614	SUCCESS	2	178	33.5	0.1	33.6
373	SUCCESS	2	191	34.28	0.1	34.38
5	SUCCESS	2	4	38.63	0.1	38.73
2634	SUCCESS	2	241	39.5	0.1	39.6
998	SUCCESS	2	257	47.15	0.1	47.25
1392	SUCCESS	2	148	47.29	0.1	47.39
2	SUCCESS	2	1	49.14	0.1	49.24
2470	SUCCESS	2	227	50.31	0.1	50.41
1138	SUCCESS	2	299	57.26	0.1	57.36
2174	SUCCESS	2	64	61.75	0.1	61.85
2014	SUCCESS	2	58	62.19	0.1	62.29
2513	SUCCESS	2	235	71.89	0.1	71.99
1408	SUCCESS	2	163	80.78	0.1	80.88
657	SUCCESS	2	214	126.81	0.1	126.91
2610	SUCCESS	2	239	126.92	0.1	127.02
999	SUCCESS	2	258	128.61	0.1	128.71
4	SUCCESS	2	3	143.9	0.1	144
379	SUCCESS	2	192	144.07	0.1	144.17
2065	SUCCESS	2	62	145.72	0.1	145.82
